Volume Up (19304,4500,-4450,600,-1650,600,-1600,600,-1600,600,-500,600,-550,600,-500,600,-500,600,-500,600,-1600,650,-1600,600,-1600,600,-500,600,-550,600,-500,600,-500,600,-500,600,-1600,600,-1650,600,-1600,600,-500,600,-500,650,-500,600,-500,550,-550,600,-500,600,-500,600,-550,600,-1600,600,-1600,600,-1650,600,-1600,600,-1600,600 
)

volume down(24654,4500,-4450,550,-1650,550,-1700,550,-1650,550,-550,550,-550,550,-550,550,-600,550,-550,550,-1650,550,-1650,550,-1700,550,-550,550,-550,550,-550,550,-600,550,-550,550,-1650,550,-1650,550,-600,550,-1650,550,-550,550,-550,550,-550,550,-600,550,-550,550,-550,550,-1650,550,-550,550,-1700,550,-1650,550,-1700,550,-1650,550 
)

Source (13018,4450,-4500,550,-1650,550,-1650,550,-1700,550,-550,550,-550,550,-550,550,-550,550,-600,550,-1650,550,-1650,550,-1700,550,-550,550,-550,550,-550,550,-550,550,-550,600,-1650,550,-550,550,-550,550,-550,550,-600,550,-550,550,-550,550,-550,550,-550,550,-1700,550,-1650,550,-1650,550,-1650,600,-1650,550,-1650,550,-1700,550 
)

CH+ (32176,4500,-4400,650,-1600,600,-1600,550,-1700,550,-550,550,-550,550,-550,550,-550,550,-550,550,-1700,550,-1650,600,-1650,550,-550,550,-550,600,-500,600,-500,550,-550,550,-600,550,-1650,550,-550,600,-500,550,-1700,600,-500,550,-550,600,-500,550,-1700,550,-550,600,-1600,600,-1650,550,-550,600,-1600,550,-1650,650,-1600,550 
)

CH- (11740,4550,-4400,600,-1600,600,-1600,650,-1600,600,-500,600,-500,600,-550,600,-500,600,-500,650,-1550,600,-1650,600,-1600,600,-500,600,-500,600,-550,600,-500,600,-500,600,-500,600,-500,600,-500,650,-500,600,-1600,600,-500,600,-500,600,-550,550,-1650,600,-1600,600,-1650,600,-1600,600,-500,600,-1600,650,-1600,600,-1600,600 
)

Mute (12404,4550,-4400,550,-1700,600,-1600,550,-1650,600,-500,650,-500,600,-500,600,-500,600,-500,600,-1650,550,-1650,600,-1600,600,-500,650,-500,550,-550,600,-500,550,-550,600,-1650,600,-1600,600,-1600,550,-1700,550,-550,600,-500,600,-500,600,-500,600,-550,550,-550,600,-500,600,-500,600,-1600,550,-1700,600,-1600,600,-1650,600 
)

Settings (27968,4550,-4400,600,-1650,550,-1650,600,-1600,600,-500,650,-500,550,-550,600,-500,600,-500,600,-1650,600,-1600,550,-1650,600,-550,600,-500,600,-500,600,-500,600,-500,600,-500,600,-1650,600,-500,600,-1600,600,-1650,600,-500 600,-500,600,-500,600,-1650,600,-500,600,-1600,600,-500,600,-550,600,-1600,650,-1550,600,-1650,600 
)

Enter (10444,4500,-4450,550,-1650,550,-1700,550,-1650,600,-500,550,-600,550,-550,550,-550,550,-550,550,-1650,550,-1700,550,-1650,550,-550,550,-600,550,-550,550,-550,550,-550,550,-550,550,-550,600,-550,550,-1650,550,-550,550,-1700,550,-1650,550,-550,550,-1650,550,-1700,550,-1650,550,-550,550,-1700,550,-550,550,-550,600,-1600,550 
)

Home(22518,4550,-4400,600,-1600,600,-1650,600,-1600,600,-500,600,-500,600,-500,600,-550,600,-500,600,-1600,600,-1600,650,-1600,600,-500,600,-500,600,-500,600,-550,600,-500,600,-1600,550,-550,600,-500,600,-1650,600,-1600,600,-1650,650,-1550,600,-500,600,-500,600,-1650,600,-1600,600,-500,600,-500,600,-500,650,-500,600,-1600,600 
)

Exit(27940,4500,-4450,600,-1600,550,-1650,550,-1700,550,-550,550,-550,550,-550,550,-550,550,-600,550,-1650,550,-1650,550,-1700,550,-550,550,-550,600,-500,600,-500,550,-600,600,-1600,550,-550,550,-1650,550,-1700,550,-550,550,-1650,550,-600,550,-550,550,-550,550,-1650,550,-550,600,-550,550,-1650,550,-550,550,-1650,600,-1650,550 
)